10000 4456.921373348484 25093.127313123692 61757.41270071262
20000 4438.059219978145 25197.148031039782 89320.58836138116
50000 3679.702104705415 25366.064864277603 95900.18555560082
80000 3492.790706025432 25345.480462360498 95868.32383504212
100000 3476.911855093557 25361.456488141994 95185.44453800705
130000 3493.9148415807927 25356.162617176633 95443.00167530388
170000 3487.0204431709526 25373.51169730589 95951.59336912923
200000 3493.7912239549746 25256.024285669755 96103.74595473545
230000 3496.7183353095015 25104.806072325977 96101.75922968348
260000 3493.1319534655363 25101.631547307246 95961.21302589611
300000 3490.4937038118646 25082.00603377521 96215.35391010657
